27.44
27.92
27.73
28.03
27.87
28.38
28.94
28.99
28.81
28.63
28.15
28.67
28.86
29.23
29.86
29.84
29.9
30.1
31.28
31.3
31.86
32.12
32.21
32.37
31.98
32.06
32.02
32.09
31.75
32.11
32.62
32.77
32.38
32.99
33.2
33.69
33.57
34.22
34.37
34.28
34.54
34.61
34.63
35.1
35.56
35.34
35.3
34.94
37.03
38.07
38.69
38.5
37.43
37.37
38.38
37.3
38.05
36.95
36.57
35.18
33.69
36.28
36.65
37.44
36.91
36.26
36.32
36.05
35.48
33.97
34.62
35.25
35.03
34.87
36.19
37.71
37.59
36.57
35.85
35.62
34.74
35.79
36.22
36.33
37.1
38.18
38.84
39.15
38.6
39.12
38.71
38.43
38.1
38.33
36.6
35.93
35.5
36.95
36.87
37.09
36.76
35.97
36.1
35.92
35.7
35.08
35.98
36.32
37
37.13
37.04
37.73
37.28
36.87
36.75
37.41
37.42
37.57
37.39
37.16
37.39
37.06
35.74
35.97
35.59
35.38
36
36.15
35.7
35.66
35.11
34.28
34.7
34.33
34.52
34.64
34.73
35.76
36.02
37.56
37.58
37.63
38.15
38.29
38.6
39.51
39.34
40.46
40.54
41.11
41.27
41.76
41.59
40.98
41.05
40.54
40.36
39.81
41.28
41.31
41.32
42.01
42.19
42.65
42.88
43.19
44.96
45.43
44.21
44.36
44.22
43.92
44.12
44.01
43.98
43.61
43
43.45
44.19
44.69
45.47
45.3
45.52
45.15
45.43
45.24
44
43.86
43.08
42.93
44.06
43.82
44.77
44.1
45.27
44.45
45.2
45.45
45.35
45.74
45.46
45.86
45.68
45.79
45.95
45.76
45.77
45.89
45.8
46.03
46.31
46.45
46.5
46.47
46.24
46.08
47.08
47.33
47.71
47.68
48.02
48.92
48.81
49.2
49.38
48.41
47.53
46.67
48.21
48.77
49.12
49.03
48.01
48.47
49.29
49.19
49.06
49.5
50.27
50.74
51.17
50.65
50.98
51.31
51.41
51.88
51.19
48.95
48.98
49.74
50.46
49.9
50.3
51.37
51.43
50.77
50.82
50.35
49.52
50.28
50.51
49.35
47.14
47.81
47.24
48.47
48.74
48.46
49.28
50.22
50.06
50.14
49.8
49.79
49.22
48.74
48.41
48.29
48.3
47.87
47.26
47.49
48.02
47.49
46.78
47.41
48.27
48.92
50.06
50.02
49.54
50.02
49.47
49.74
49.94
49.54
49.52
49.66
49.92
49.6
49.51
48.64
47.61
48.02
48.55
48.65
47.89
47.77
47.46
48.11
47.86
49.36
49.44
49.06
48.29
47.43
47.46
47.36
46.56
46.66
47.49
46.68
46.45
45.75
45.05
46.47
46.09
47.32
46.62
47.43
47.89
47.72
47.95
50.25
51.03
51.39
50.57
50.54
51.15
51.11
52.13
53.4
53.84
55.27
55.33
56.19
56.93
57.63
56.08
55.97
55.78
56.68
55.56
56.08
53.91
53.37
50.46
53.43
51.96
53.39
53.86
54.77
54.35
54.35
52.29
50.86
50.92
53.37
53.74
53.39
54.8
55.71
55.71
54.98
54.43
54.85
54.88
53.93
54.28
54.95
55.61
56.14
57.21
58.8
59.06
58.88
57.4
57.76
57.6
57.04
56.72
55.8
54.47
53.51
53.21
54.04
53.91
52.83
55.54
57.18
57.46
58.35
60.29
60
60.32
56.95
56.47
56.12
57.97
56.82
57.23
57.81
57.85
57.83
56.64
56.77
57.58
57.18
57.1
58.03
56.47
55.03
54.95
54.18
55.55
54.97
53.92
53.56
52.72
53.79
53.73
53.31
54.6
55.42
55.67
56.14
55.85
55.58
55.81
56.23
55.98
55.54
54.31
54.13
54.43
54.6
56.56
56.64
56.94
57.52
57.87
59.06
59.72
60.34
60.25
60.46
60.36
60.2
61.3
61.11
60.04
61.06
60.06
63.81
63.52
63.9
64.72
65.21
65.17
65.02
65.67
66.28
66.98
68.1
70.45
70.49
71.8
72.78
71.1
71.74
73.29
73.77
74.63
75.11
76.49
77.49
77.78
77.88
76.17
75.75
75.81
77.43
77.88
78.86
81.16
84.23
83.65
83.65
85.87
86.57
86.07
85.62
85.15
86.71
87.78
88.23
87.12
85.65
88.38
89.9
89.19
89.78
89.46
88.97
86.46
82.88
87.1
86.91
83.92
81.85
81.67
80.04
87.14
86.81
86.14
83.43
83.16
83.71
83.12
80.75
81.35
81.17
81.31
81.5
80.96
79.75
79.02
78.01
75.73
75.77
80.18
79.57
81.51
80.76
82.74
82.53
80.14
80.61
80.4
81.64
81.67
82.9
81.6
82.31
81.74
81.65
82.02
83.68
83.92
83.68
82.52
83.16
81.54
81.72
82.07
81.29
83.43
84.65
86.55
87.7
86.89
86.35
85.56
86.42
86.7
86.71
86.61
87.76
86.33
86.26
85.85
82.14
82.13
83.59
85
87.25
86.69
86.83
87.96
88.94
88.7
88.55
88.68
88.81
90
90.24
90.12
90.91
92.59
95.02
93.72
95.55
94.66
94.75
96.53
96.4
96.21
94.84
95.75
96.61
97.21
94.68
94.37
95.68
97.57
98.75
99.97
100.27
100.3
99.81
100.01
98.68
96.22
95.03
97.33
95.3
94.2
94.47
95.92
95.26
93.23
91.17
90.84
91.56
89.73
89.96
90.68
92.83
92.09
90.38
87.12
90.58
87.62
88.12
87.08
85.22
82.4
83.52
83.26
79.71
76.82
78.15
77.55
77.56
76.7
75.09
75.38
80.82
80.13
84.22
83.54
83.28
84.19
83.61
83.74
82.26
76.97
78.18
76.18
75.69
77.34
77
75.67
72.83
74.12
76.27
75.19
74.53
74.19
73.58
72.8
77.44
75.29
74.84
75.04
73.87
74.79
74.33
71.68
69.42
72.3
71.81
73.43
64.36
62.84
64.26
65.47
65.26
65.07
64.8
63.19
65.41
65.34
66.89
67.85
68.56
66.84
66.72
66.66
64.12
63.72
64.4
63.26
64.14
63.51
63.06
61.5
60.01
61.59
60.81
61.51
61.67
62.55
61.2
61.19
61.79
63.38
65.1
64.93
64.58
64.68
65.99
66.23
65.88
64.58
61.4
61.71
61.1
60.46
60.89
61
62.24
62.05
61.4
59.98
60.89
57.54
56.01
55.79
56.95
58.02
57.92
58.34
59.6
61.45
63.25
62.76
63.65
64.28
65.82
65.52
66.26
65.25
64.71
64.96
63.41
61.26
62.08
61.89
63.28
62.81
63.05
63.16
63.56
64.51
64.25
64.39
64.19
63.59
62.64
63.12
62.7
62.51
61.74
62.28
61.44
61.71
61.68
60.43
59.55
59.07
57.51
57.52
56.87
56.25
56.65
58.46
59.78
59.29
60.34
60.1
61.04
60.93
61.06
61.46
61.47
61.68
60.71
60.9
59.86
62.93
62.64
63
63.97
64.76
64.65
65.24
66.08
67.06
66.46
66.43
65.86
64.92
66.77
69.94
71.21
71.13
71.76
72.53
71.58
71.77
71.85
71.57
71.85
69.8
70.13
70.24
71.24
70.75
71.17
72.31
70.66
66.82
67.53
66.41
64.3
65.05
66.38
67.47
66.77
70.09
69.87
68.79
69.46
68.96
68.11
69.71
69.94
69.06
69
69.68
68.71
69.51
69.95
70.4
70.86
71.24
71.59
72.07
72.7
74.48
74.27
74.99
75.99
75.14
75.7
73.81
74.99
74.67
74.29
75.25
75.06
74.42
73.21
74.37
74.15
74.29
74.38
75.45
75
74.09
74.22
73.57
74.45
74.26
74.82
76.2
78.75
80.9
80.71
81.13
80
80.92
80.79
80.19
80.08
79.2
79.64
79.28
78.68
77.78
78.43
81.44
80.01
79.22
77.28
77.7
77.15
77.64
76.65
76.13
76.53
78.06
79.62
79.18
78.79
79.45
78.01
78.64
72.36
71.54
71.4
71.51
71.65
72.68
73.23
73.22
74.24
75.57
76.57
76.56
77.78
76.77
75.88
75.04
75.36
74.58
73.91
75.38
75.18
75.39
75.89
76.05
75.82
75.78
75.85
76.58
76.66
75.81
74.96
75.25
75.91
75.89
75.53
76.12
77.03
77.86
77.11
76.78
76.69
76.68
77.38
77.51
76.97
75.97
74.78
74.78
75.76
74.78
74.23
74.53
73.99
74.14
75.96
74.96
81.11
81.71
84.87
84.62
84.3
84.5
84.65
85.85
84.92
84.62
84
83.65
84.69
84.82
84.84
84.12
85.36
86.37
86.39
86.62
86.75
89.14
90.77
90.43
89.81
91.08
92.12
92.48
92.22
93.7
94.25
93.86
92.29
91.28
92.2
92.08
92.18
91.86
90.91
90.83
90.28
90.36
90.9
91.98
92.93
93.52
93.48
95.35
95.39
95.04
95.22
96.45
95.32
94.78
93.09
94.43
93.94
94.72
97.19
97.03
97.67
99.02
98.38
98.15
95.6
96.13
95.59
95.12
94.96
94.48
94.74
95.99
95.97
97.24
97.5
97.98
99.16
100.53
100.57
100.58
101.32
101.54
100.89
102.13
102.25
98.94
98.12
98.97
98.36
97.99
101
101.43
101.66
101.63
100.86
101.58
101.79
100.96
101.06
102.64
101.75
97.87
100.75
100.11
100.75
99.18
99.9
99.62
99.62
98.75
100.8
101.02
100.73
99.81
98.75
97.54
96.26
97.67
99.76
102.47
102.99
104.83
105.22
105.11
106.74
107.34
106.98
108
109.4
108.6
108.86
108.7
109.01
108.83
109.7
111.25
112.82
114.18
113.99
115.47
114.67
116.31
116.47
118.63
117.6
115.07
114.63
115.93
115.49
115
112.4
114.12
111.95
111.62
109.73
108.23
106.75
109.41
112.65
111.78
112.94
112.54
113.91
112.52
106.25
106.26
107.75
111.89
112.01
109.25
110.22
109.8
106.82
109.55
112.4
112.98
113.1
109.14
115.31
118.9
117.16
118.63
118.65
119.56
119.94
118.93
119.72
122.02
124.88
126.46
128.72
128.45
129.5
133
132.17
128.79
130.42
128.46
129.09
129.36
128.54
126.41
126.6
127.14
124.51
122.24
124.45
123.59
124.95
127.04
128.47
127.5
125.9
127.21
126.69
123.38
124.24
123.25
126.37
124.43
124.25
126.01
125.6
126.56
127.1
126.85
126.3
126.78
126.17
124.75
127.6
126.91
128.62
129.67
130.28
132.65
130.56
128.64
125.15
128.95
128.7
125.8
125.01
125.26
127.62
126.32
125.87
126.01
128.95
128.77
130.19
130.07
130.06
131.39
132.04
131.78
130.28
130.54
129.96
130.12
129.36
128.65
127.8
127.42
128.88
128.59
127.17
126.92
127.6
127.3
127.88
126.6
127.61
127.03
128.11
127.5
126.75
124.53
125.43
126.6
125.69
122.57
120.07
123.28
125.66
125.61
126.82
128.51
129.62
132.07
130.75
125.22
125.16
124.5
122.77
123.38
122.99
122.37
121.3
118.44
114.64
115.4
115.13
115.52
119.72
113.49
115.24
115.15
115.96
117.16
116.5
115.01
112.65
105.76
103.12
103.74
109.69
112.92
113.29
112.76
107.72
112.34
110.37
110.15
112.57
114.21
115.31
116.28
116.41
113.92
113.45
115.21
113.4
114.32
115
114.71
112.44
109.06
110.3
109.58
110.38
110.78
111.31
110.78
109.5
112.12
111.6
111.79
110.21
111.86
111.04
111.73
113.77
113.76
115.5
119.08
115.28
114.55
119.27
120.53
119.5
121.18
122.57
122
120.92
121.06
120.57
116.77
116.11
115.72
112.34
114.18
113.69
117.29
118.78
119.3
117.75
118.88
118.3
117.34
116.28
115.2
119.03
118.28
118.23
115.62
116.17
113.18
112.48
110.49
111.34
108.98
106.03
107.33
107.23
108.61
108.74
107.32
102.71
100.7
96.45
96.96
98.53
99.96
97.39
99.52
96.79
96.3
101.42
99.44
99.99
93.42
94.09
97.34
96.43
94.48
96.35
96.6
94.02
95.01
94.99
94.27
93.7
98.12
96.26
96.04
96.88
94.69
96.1
96.76
96.91
96.69
100.53
100.75
101.5
103.01
101.87
101.03
101.12
101.17
102.26
102.52
104.58
105.97
105.8
105.92
105.91
106.72
106.13
107.68
109.56
108.99
109.99
111.12
109.81
110.96
108.54
108.66
109.02
110.44
112.04
112.1
109.85
107.48
106.91
107.13
105.97
105.68
105.08
104.35
97.82
94.83
93.74
93.64
95.18
94.19
93.24
92.72
92.79
93.42
92.51
90.34
90.52
93.88
93.49
94.56
94.2
95.22
96.43
97.9
99.62
100.41
98.46
97.72
97.92
98.63
99.03
98.94
99.65
98.83
97.34
97.46
97.14
97.55
95.33
95.1
95.91
95.55
96.1
93.4
92.04
93.59
94.4
95.6
95.53
95.94
96.68
96.98
97.42
96.87
98.79
98.78
99.83
99.87
99.96
99.43
98.66
97.34
96.67
102.95
104.34
104.21
106.05
104.48
105.79
105.87
107.48
108.37
108.81
108
107.93
108.18
109.48
109.38
109.22
109.08
109.36
108.51
108.85
108.03
107.57
106.94
106.82
106
106.1
106.73
108.36
105.52
103.13
105.44
107.95
111.77
115.57
114.92
113.58
113.57
113.55
114.62
112.71
112.88
113.09
113.95
112.18
113.05
112.52
113
113.05
113.89
114.06
116.05
116.3
117.34
116.98
117.63
117.55
117.47
117.12
117.06
116.6
117.65
118.25
115.59
114.48
113.72
113.54
111.49
111.59
109.83
108.84
110.41
111.06
110.88
107.79
108.43
105.71
107.11
109.99
109.95
110.06
111.73
111.8
111.57
111.46
110.52
109.49
109.9
109.11
109.95
111.03
112.12
113.95
113.3
115.19
115.19
115.82
115.97
116.64
116.95
117.06
116.29
116.76
116.73
116.02
116.61
117.91
118.99
119.11
119.75
119.25
119.99
119.78
120
120.08
119.97
121.88
121.94
121.95
121.63
121.35
128.75
128.53
129.08
130.29
131.53
132.04
132.42
132.12
133.29
135.02
135.51
135.35
137.11
136.53
136.66
136.93
136.99
139.79
138.96
139.78
139.34
139.52
139
138.68
139.14
139.2
138.99
140.46
140.69
139.99
141.46
139.84
141.42
140.92
140.64
140.88
143.8
144.12
143.93
143.66
143.7
144.77
144.02
143.66
143.34
143.17
141.63
141.8
141.2
140.68
142.44
142.27
143.64
144.53
143.68
143.79
143.65
146.58
147.51
147.06
146.53
148.96
153.01
153.99
153.26
153.95
156.1
155.7
155.47
150.25
152.54
153.06
153.99
153.8
153.34
153.87
152.76
153.18
155.45
153.93
154.45
155.37
154.99
148.98
145.42
146.59
145.16
144.29
142.27
146.34
145.01
145.87
145.63
146.28
145.82
143.73
145.83
143.68
144.02
142.73
144.18
145.06
145.53
145.74
147.77
149.04
149.56
150.08
151.02
150.34
150.27
152.09
152.74
153.46
150.56
149.5
148.73
150.05
157.14
155.57
156.39
158.81
160.08
161.06
155.32
157.48
159.85
161.6
160.95
157.86
157.5
157.21
159.78
159.98
159.27
159.86
161.47
162.91
163.35
164
161.91
161.26
158.63
161.5
160.86
159.65
158.28
159.88
158.67
158.73
156.07
153.39
151.89
150.55
153.14
154.23
153.28
154.12
153.81
154.48
153.48
155.39
155.3
155.84
155.9
156.55
156
156.99
159.88
160.47
159.76
155.98
156.25
156.17
157.1
156.41
157.41
163.05
166.72
169.04
166.89
168.11
172.5
174.25
174.81
176.24
175.88
174.67
173.97
171.34
169.08
171.1
170.15
169.98
173.14
174.09
173.07
169.48
171.85
171.05
169.8
169.64
169.01
169.32
169.37
172.67
171.7
172.27
172.22
173.97
176.42
174.54
174.35
175.01
170.6
171.08
172.23
173.03
175
174.35
174.33
174.29
175.28
179.1
179.26
178.46
177
177.04
174.22
171.11
171.51
167.96
166.97
167.43
167.78
160.5
156.49
163.03
159.54
155.15
156.41
162.71
164.34
167.37
172.99
171.07
172.5
175.5
178.97
178.39
178.12
175
176.21
176.82
176.67
175.03
176.94
179.98
181.72
179.97
178.44
178.65
178.02
175.3
175.24
171.27
168.85
164.94
172.77
168.34
166.48
168.39
171.61
172.8
168.38
170.05
173.25
172.44
174.14
174.73
175.82
178.24
177.84
172.8
165.72
165.24
162.94
163.65
164.22
162.32
165.26
169.1
176.57
176.89
183.83
185.16
186.05
187.36
190.04
188.59
188.15
186.44
188.18
186.99
186.31
187.63
187.16
188.36
188.15
187.5
186.87
190.24
191.83
193.31
193.98
193.46
191.7
191.23
192.28
190.7
190.8
188.84
188.74
185.69
186.5
185.46
184.92
182.17
184.43
184.16
185.5
185.11
187.18
187.97
190.58
190.35
187.88
191.03
191.33
190.91
191.45
190.4
191.88
191.44
191.61
193
194.82
194.21
190.98
189.91
190.29
201.5
207.39
207.99
209.07
207.11
207.25
208.88
207.53
208.87
209.75
210.24
213.32
217.58
215.46
215.04
215.05
215.49
216.16
217.94
219.7
222.98
225.03
226.87
223.1
221.3
218.33
223.85
221.07
226.41
223.84
217.88
218.24
218.37
220.03
217.66
220.79
222.19
220.42
224.95
225.74
227.26
229.28
232.07
227.99
224.29
223.77
226.87
216.36
214.45
222.11
217.36
222.15
221.19
216.02
219.31
220.65
222.73
215.09
219.8
216.3
212.24
213.3
218.86
222.22
207.48
201.59
203.77
209.95
208.49
204.47
194.17
192.23
186.8
191.41
193.53
185.86
176.98
174.62
174.24
180.94
179.55
178.58
184.82
168.49
169.6
168.63
169.1
170.95
165.48
163.94
166.07
160.89
156.83
150.73
156.15
156.23
142.19
148.26
147.93
150.75
153.31
153.8
152.29
150
153.07
154.94
155.86
153.92
152.7
157.76
156.3
154.68
165.25
166.44
166.52
171.25
174.18
174.24
170.94
170.41
169.43
170.89
170.18
170.8
172.03
171.06
172.97
174.23
174.33
174.87
173.15
174.97
175.85
175.53
174.52
172.5
172.91
178.9
180.91
181.71
183.73
186.12
188.02
186.53
188.16
195.09
191.05
188.74
186.79
188.47
188.72
189.95
191.24
194.02
195.35
195.69
197
200.1
199.5
200.62
198.95
198.87
199.23
199.25
203.13
207.48
207.16
205.28
204.3
204.61
200.67
210.52
209.15
211.75
208.48
202.86
202.9
200.72
197.18
185.72
188.66
190.92
190.08
189
183.09
186.6
182.78
179.66
177.38
178.3
175.07
173.3
179.64
182.54
185.22
190.15
192.58
194.81
194.19
194.15
192.74
193.89
198.45
197.87
199.46
198.78
198.58
195.57
199.8
199.74
197.92
201.55
202.73
200.02
201.24
203.23
201.75
203.3
205.21
204.5
203.35
205.66
202.59
207.22
208.84
208.67
207.02
207.74
209.68
208.78
213.04
208.43
204.02
193.34
197
199.04
203.43
200.99
200.48
208.97
202.75
201.74
206.5
210.35
210.36
212.64
212.46
202.64
206.49
204.16
205.53
209.01
209.19
213.28
213.26
214.17
216.7
223.59
223.09
218.75
219.9
220.7
222.77
220.96
217.73
218.72
217.68
221.03
219.89
218.82
223.97
224.59
218.96
220.82
227.01
227.06
224.4
227.03
